-72.6838368596857 40.5282896740931
-72.3984755002437 40.8299041274919
-71.9407083194722 40.9220640993638
-71.7683024981427 40.9220640993638
-71.5423914219178 40.5618023911374
-71.5126662803093 40.4528860607434
-71.7683024981427 40.3104570133051
-71.8693679796117 40.2518097584775
-72.0893340275149 40.1345152488224
-72.148784310732 40.0758679939949
-72.5054860100344 39.5061518042416
-72.7849023411547 39.2129155301038
-72.9751432474494 38.9531919730104
-73.2486145502479 38.6515775196116
-73.3794051733255 38.6013084440451
-73.593426192907 38.6683338781337
-73.6885466460543 38.8275192840942
-73.551810994655 39.1458900960152
-73.3318449467518 39.8831698709901
-73.694491674376 40.1596497866057
-73.5399209380116 40.2434315792164
-73.2902297484999 40.1428934280835
-73.064318672275 39.983708022123
-72.6838368596857 40.5282896740931
